 ?###???????? (3, 2, 1) 0
| .###???????? (3, 2, 1) 1
|| ###???????? (3, 2, 1) 2
||| ???????? (2, 1) 3
|||| #??????? (2, 1) 4
||||| ?????? (1,) 5
|||||| #????? (1,) 6
||||||| ????? () 7
 ()
|||||| .????? (1,) 6
||||||| ????? (1,) 7
|||||||| #???? (1,) 8
||||||||| ???? () 9
 ()
|||||||| .???? (1,) 8
||||||||| ???? (1,) 9
|||||||||| #??? (1,) 10
||||||||||| ??? () 11
 ()
|||||||||| .??? (1,) 10
||||||||||| ??? (1,) 11
|||||||||||| #?? (1,) 12
||||||||||||| ?? () 13
 ()
|||||||||||| .?? (1,) 12
||||||||||||| ?? (1,) 13
|||||||||||||| #? (1,) 14
||||||||||||||| ? () 15
 ()
|||||||||||||| .? (1,) 14
||||||||||||||| ? (1,) 15
|||||||||||||||| # (1,) 16
|||||||||||||||||  () 17
 ()
|||||||||||||||| . (1,) 16
|||||||||||||||||  (1,) 17
|||| .??????? (2, 1) 4
||||| ??????? (2, 1) 5
|||||| #?????? (2, 1) 6
|||||| .?????? (2, 1) 6
||||||| ?????? (2, 1) 7
|||||||| #????? (2, 1) 8
|||||||| .????? (2, 1) 8
||||||||| ????? (2, 1) 9
|||||||||| #???? (2, 1) 10
|||||||||| .???? (2, 1) 10
||||||||||| ???? (2, 1) 11
|||||||||||| #??? (2, 1) 12
|||||||||||| .??? (2, 1) 12
||||||||||||| ??? (2, 1) 13
|||||||||||||| #?? (2, 1) 14
|||||||||||||| .?? (2, 1) 14
||||||||||||||| ?? (2, 1) 15
|||||||||||||||| #? (2, 1) 16
|||||||||||||||| .? (2, 1) 16
||||||||||||||||| ? (2, 1) 17
|||||||||||||||||| # (2, 1) 18
|||||||||||||||||| . (2, 1) 18
|||||||||||||||||||  (2, 1) 19